5
3 2 4 0 1
10
9 8 7 6 2 1 0 5 3 4
20
9 8 7 6 2 1 0 5 3 4 19 14 11 10 16 15 13 12 17 18
101
11 26 7 57 95 14 30 69 65 23 75 15 38 36 34 8 96 52 100 79 78 20 74 80 43 46 6 40 85 81 41 49 0 70 24 76 97 9 59 82 19 61 71 17 42 29 50 53 39 89 90 56 48 27 62 83 84 13 67 99 12 51 60 31 86 92 10 77 66 1 58 64 45 47 68 37 28 32 98 54 72 16 33 21 87 35 55 88 25 91 18 2 5 73 94 3 63 93 44 22 4
201
55 164 154 125 18 40 187 24 77 130 39 132 180 123 165 13 50 147 116 107 96 143 185 30 91 111 5 42 141 67 49 176 21 88 140 193 59 97 127 28 79 29 48 73 200 75 58 155 199 136 128 157 36 163 105 85 168 153 47 25 142 110 12 19 160 78 179 145 60 126 81 106 70 121 150 89 82 74 159 9 177 188 69 152 189 114 129 3 133 151 112 62 83 183 8 44 197 38 41 182 35 156 68 137 52 109 46 181 119 115 51 113 167 190 124 84 117 131 66 31 169 63 172 184 149 191 15 100 93 65 95 103 92 135 11 98 94 72 166 171 16 80 32 43 71 23 53 194 104 186 102 57 122 4 162 173 22 134 148 175 90 139 7 64 138 195 2 144 76 17 101 174 6 56 34 158 196 10 37 14 161 0 146 87 198 86 33 192 170 20 1 178 108 45 120 118 26 61 54 27 99
301
217 87 16 144 172 85 178 130 229 281 288 19 8 132 196 176 282 45 275 188 221 138 245 90 152 239 148 237 266 68 280 17 253 131 287 269 259 66 74 226 47 99 84 293 296 79 134 91 71 61 60 300 92 244 252 199 155 161 86 34 169 173 31 40 268 97 156 264 80 33 182 192 118 183 128 225 55 175 234 153 294 109 241 136 0 257 208 232 191 73 233 291 216 108 206 35 214 184 129 270 82 227 256 22 151 111 177 238 110 236 126 157 146 165 42 23 218 204 167 186 246 230 39 224 162 276 57 265 26 12 4 115 104 168 6 187 220 75 20 149 189 166 7 243 284 202 170 98 58 160 158 38 15 65 72 231 286 197 260 69 51 59 96 76 228 28 95 41 94 11 193 27 135 10 290 147 5 261 88 209 222 254 258 50 56 277 262 267 52 219 255 25 223 279 105 36 235 198 1 119 14 298 112 43 251 164 205 297 273 142 283 200 194 150 212 180 250 13 185 137 125 190 81 140 123 62 100 77 203 2 121 30 272 103 127 116 63 271 107 195 106 117 242 285 248 278 101 247 289 292 133 114 122 207 32 211 139 24 89 83 46 102 213 163 113 215 263 78 54 44 249 179 67 3 29 93 210 154 70 174 141 299 145 53 49 143 120 18 48 171 64 181 240 9 159 201 124 21 274 295 37
401
321 303 287 256 175 112 341 137 247 274 211 98 84 218 243 387 44 57 206 389 384 215 305 343 7 348 267 383 178 102 397 48 329 157 264 81 374 173 43 108 369 115 282 363 358 260 312 352 82 120 301 76 92 74 210 273 161 252 336 17 377 144 86 380 244 15 68 65 327 212 67 302 332 160 6 280 64 232 259 331 114 176 324 370 191 9 122 183 245 356 105 11 241 361 188 309 315 49 54 351 335 91 216 194 333 239 228 10 262 62 311 214 109 323 251 200 349 93 236 141 147 353 304 135 71 340 289 133 75 306 26 164 275 320 263 300 42 36 382 286 13 366 202 128 60 198 70 399 279 52 297 166 186 23 63 292 117 90 185 249 205 199 127 310 129 159 326 284 31 88 222 220 104 345 138 337 398 66 116 238 396 37 41 257 4 254 142 150 124 364 231 268 152 400 395 169 168 59 314 47 344 78 77 111 342 391 375 123 53 179 97 113 224 213 365 255 61 328 167 378 28 296 207 226 34 96 307 208 373 154 192 379 248 14 298 85 339 149 50 106 277 227 107 136 322 250 35 119 151 354 22 162 313 5 272 203 156 201 229 334 131 19 291 209 240 217 163 56 29 187 148 350 318 195 55 1 394 24 103 223 368 319 221 72 2 94 355 8 45 283 69 269 184 235 27 390 16 140 181 386 381 32 80 83 145 40 89 171 132 172 39 265 288 276 253 177 87 371 294 193 100 121 271 118 330 165 266 73 338 196 155 38 182 51 388 392 190 295 3 308 376 372 285 174 139 58 204 197 18 189 325 261 385 153 99 316 246 293 278 143 158 359 101 230 30 95 233 242 46 346 357 134 237 258 290 125 360 270 146 225 299 20 21 281 234 180 12 170 367 33 362 126 317 25 130 110 219 347 393 79 0
501
216 0 482 246 363 173 458 123 86 359 335 148 189 206 224 338 257 99 251 214 396 51 452 218 499 244 80 26 285 389 464 219 411 190 477 384 37 177 377 401 54 19 329 261 473 138 185 357 82 67 116 141 43 487 334 6 180 265 269 279 404 252 281 375 277 360 156 399 14 168 309 294 273 87 406 326 319 164 211 303 113 272 271 463 450 403 333 398 480 42 8 383 166 336 379 165 245 330 337 140 282 147 235 22 96 155 368 18 387 498 342 262 295 417 332 308 23 27 317 179 200 171 327 88 34 301 274 169 230 247 228 229 72 2 207 284 85 105 469 150 287 223 291 280 239 355 55 29 234 462 103 59 445 57 408 204 61 496 493 184 7 447 292 213 159 133 481 328 444 439 491 465 371 304 49 66 266 305 192 40 182 467 36 428 158 426 222 393 56 397 436 126 241 188 316 492 12 429 175 354 104 490 415 353 283 385 70 122 288 11 134 160 68 35 176 48 243 413 374 62 454 372 226 260 307 416 231 143 347 208 84 358 448 39 125 153 457 79 9 318 94 187 369 302 381 172 3 154 435 144 95 276 409 441 142 13 343 367 391 136 278 348 424 352 449 220 378 494 306 76 170 46 324 132 471 128 256 191 30 194 349 127 430 443 423 489 64 254 400 432 422 459 446 438 468 210 453 193 440 395 162 232 129 442 264 425 240 205 90 77 110 112 484 130 45 161 174 388 455 38 31 1 325 268 390 456 253 20 107 474 101 118 58 418 311 365 93 275 313 500 263 250 137 476 320 63 286 121 149 186 488 221 75 470 25 427 92 373 410 412 362 100 340 212 44 199 345 17 431 53 258 407 21 109 483 380 139 32 201 478 310 89 47 433 331 152 485 236 479 392 486 370 451 111 238 321 195 366 350 115 495 298 203 69 289 339 323 242 209 322 196 183 119 386 394 50 10 466 419 135 28 461 402 376 475 106 24 60 248 341 197 145 131 299 114 74 52 120 296 472 178 215 460 233 227 71 297 108 15 356 41 267 167 81 225 293 437 420 312 198 102 157 78 124 65 259 344 202 181 33 434 255 163 315 270 364 83 249 421 497 16 351 117 405 4 290 98 217 73 382 97 151 300 91 414 361 314 5 346 146 237
601
363 415 151 381 547 449 232 103 598 550 485 280 27 479 255 320 561 91 140 447 554 349 198 440 481 159 521 467 377 338 532 42 423 169 300 245 262 195 355 410 286 259 368 514 445 168 319 374 149 291 361 469 68 426 443 189 296 442 196 497 459 370 234 92 209 305 283 170 85 158 211 273 250 427 153 125 434 404 293 17 56 139 207 559 105 7 132 26 304 533 36 44 34 575 221 425 372 346 0 74 510 303 592 499 534 522 95 507 468 206 258 474 350 78 106 107 8 344 119 430 181 52 126 227 312 145 248 548 178 339 581 214 513 494 51 118 441 50 380 117 252 210 538 275 530 569 14 477 128 463 180 500 337 281 142 49 417 545 284 270 199 310 77 220 297 411 277 127 351 141 188 313 599 243 10 393 540 146 591 584 274 537 502 11 315 460 473 552 218 6 325 587 129 276 323 576 48 371 352 160 412 37 579 54 419 73 388 551 114 156 571 407 5 484 422 120 131 489 256 136 594 341 41 367 376 558 165 58 89 266 176 590 519 261 439 316 23 332 465 362 84 395 264 63 567 57 437 518 82 187 309 231 33 523 458 110 582 418 62 137 536 61 432 385 588 225 161 503 308 382 429 171 486 399 457 492 577 162 208 285 179 45 71 16 546 116 150 133 562 143 451 40 375 121 342 506 223 292 556 563 383 596 446 39 448 28 185 251 265 172 183 12 244 311 572 414 175 101 421 321 307 190 204 431 455 306 543 269 235 472 184 215 359 597 222 454 379 480 38 504 97 476 295 528 263 13 247 549 373 585 348 279 464 317 111 90 60 197 260 246 164 9 3 496 104 360 527 435 99 354 46 186 79 94 394 138 241 335 254 438 301 113 230 22 396 135 289 173 268 511 452 100 242 424 86 391 365 65 233 539 224 483 25 436 298 192 249 586 239 102 330 568 334 15 580 420 535 200 565 512 64 524 541 75 345 520 147 155 378 490 112 574 205 386 191 217 202 401 93 333 194 115 387 328 24 508 553 154 406 347 331 166 560 353 130 542 288 167 516 327 322 201 80 392 509 488 318 177 314 366 357 88 526 123 67 237 529 408 501 493 413 557 299 229 193 384 174 236 1 405 287 600 134 81 358 122 163 461 589 326 566 456 35 272 471 428 238 573 228 72 69 29 21 53 444 216 76 356 302 43 390 409 329 595 515 340 517 87 466 593 109 148 583 491 18 487 4 144 2 453 498 213 531 278 290 544 55 253 32 212 31 203 343 294 570 182 555 525 19 398 450 478 369 257 470 389 267 30 495 83 108 505 47 403 70 475 324 578 20 124 402 336 226 271 96 240 364 152 59 400 157 564 416 397 219 66 482 433 462 282 98
701
29 475 398 80 213 339 387 101 564 39 30 225 687 600 625 393 655 551 487 8 148 608 621 231 167 524 333 335 219 207 612 472 405 485 358 557 4 202 527 52 547 538 399 579 120 570 168 577 164 26 96 287 180 609 261 667 406 273 658 539 497 471 469 545 662 480 369 222 241 674 271 89 566 644 486 418 306 561 365 3 619 370 437 283 11 632 143 169 305 452 97 507 569 417 529 512 693 617 73 531 386 585 264 280 563 156 462 503 441 432 332 51 624 128 9 291 2 383 242 614 378 129 224 162 181 683 194 385 153 256 628 567 229 401 354 111 695 232 347 578 636 114 64 267 448 571 289 670 589 458 198 308 112 278 424 581 36 34 49 190 172 679 376 147 72 277 505 606 420 657 70 363 189 671 327 83 694 434 404 248 62 356 269 145 402 7 540 117 415 160 582 155 176 220 185 423 144 74 331 521 412 400 252 528 583 53 684 681 324 152 457 675 173 296 276 367 136 661 338 620 134 5 254 255 239 533 598 668 314 455 453 216 41 94 663 559 184 445 444 364 348 157 163 391 500 343 108 494 534 350 336 575 313 509 463 476 91 488 54 279 258 656 692 515 586 298 249 244 352 75 493 104 530 234 504 149 426 48 196 443 408 565 43 235 10 293 611 590 159 490 526 516 131 362 651 618 407 447 411 191 85 206 174 297 340 510 38 0 355 165 558 50 17 76 84 274 150 669 680 673 623 403 45 262 319 302 151 44 71 435 95 489 394 604 591 653 281 116 42 19 237 199 201 200 652 690 125 214 555 103 141 637 20 638 127 133 649 68 548 227 359 110 292 473 650 513 138 605 477 414 99 427 543 451 556 40 525 428 69 439 215 474 139 86 541 346 379 431 568 328 1 672 613 643 552 79 478 132 416 610 47 285 440 121 208 380 518 467 626 685 392 23 665 574 413 135 78 438 396 106 270 307 325 24 253 98 233 246 429 251 275 573 375 329 186 345 642 341 81 33 236 492 260 546 593 92 299 353 554 523 419 301 323 630 18 182 250 113 496 13 635 466 137 373 58 587 311 209 14 21 502 342 377 371 390 28 349 25 646 456 464 506 479 330 223 498 664 388 192 22 226 46 15 553 550 221 562 666 87 318 119 594 61 315 360 596 178 300 522 584 395 519 316 218 334 442 368 171 90 481 266 211 544 66 240 615 130 77 410 597 433 115 154 372 602 27 326 536 290 470 595 166 601 450 183 57 158 175 491 93 122 272 243 109 123 60 203 641 304 482 648 436 118 56 310 520 37 284 197 247 511 677 572 459 425 699 686 514 230 322 616 100 16 676 366 126 59 603 361 295 535 517 217 639 320 381 542 640 193 31 265 294 124 204 422 63 647 454 532 599 288 317 501 263 55 446 142 696 357 689 580 161 461 268 560 102 384 660 12 374 634 549 82 344 32 6 409 259 282 67 495 212 146 397 88 187 228 654 238 65 245 682 499 195 537 210 607 484 678 483 631 576 691 382 622 321 465 389 257 337 688 460 303 140 627 697 629 35 700 430 205 588 312 170 177 179 508 105 698 468 592 107 659 188 645 449 633 286 351 421 309
801
573 346 157 101 166 178 586 87 82 572 40 737 684 248 382 668 534 341 584 493 302 555 390 658 243 699 203 516 602 71 497 553 250 683 78 286 558 74 609 521 614 19 594 361 0 670 115 620 463 171 512 474 384 703 197 176 478 587 776 751 452 700 579 14 533 582 720 775 316 491 421 770 322 412 606 54 222 70 379 16 545 496 729 577 794 442 636 669 114 445 212 629 744 677 657 502 229 31 417 661 780 388 345 295 642 299 428 735 626 481 705 532 3 394 710 2 591 72 98 432 593 144 455 259 675 736 600 377 230 601 397 484 311 568 34 284 337 288 578 300 544 155 571 789 704 466 10 263 590 437 134 205 646 97 556 150 317 58 223 727 249 581 294 640 269 529 241 738 232 38 395 64 706 695 519 85 100 260 645 676 604 718 198 368 595 36 427 375 708 193 333 342 113 265 419 329 752 251 44 451 22 494 63 53 415 103 444 691 528 28 472 314 264 599 298 447 538 208 177 356 224 183 68 630 246 380 67 319 236 52 576 734 666 495 567 796 717 253 454 655 797 728 327 352 370 221 647 39 256 225 261 563 207 366 104 210 313 51 304 523 585 767 583 449 289 354 694 773 45 420 372 489 200 547 473 301 305 95 690 575 60 475 433 184 255 663 612 75 760 233 86 25 487 309 65 239 47 1 633 559 524 564 787 29 749 774 81 486 167 11 165 287 779 188 786 290 30 605 611 227 17 364 132 348 483 242 56 136 18 733 351 588 266 518 648 610 510 61 214 713 328 303 635 215 137 434 543 405 511 344 146 667 179 422 742 592 746 765 743 90 240 168 149 331 238 153 391 235 123 152 438 631 740 686 639 216 156 769 719 13 139 195 672 297 111 84 42 651 307 598 282 499 175 102 771 537 324 416 245 169 791 714 566 638 758 799 147 196 409 408 154 608 763 517 349 659 89 513 715 296 689 498 80 754 565 506 476 673 186 385 723 62 722 15 692 258 201 46 469 561 320 234 781 500 435 441 685 482 462 7 448 515 711 467 318 783 687 202 20 145 508 632 795 693 788 83 363 343 275 697 549 459 252 641 151 772 643 406 192 206 73 551 552 402 660 213 26 160 120 393 325 105 401 69 507 440 6 618 158 378 398 748 127 450 211 414 548 270 121 461 761 185 374 32 503 443 43 247 199 701 164 674 530 271 280 721 580 764 485 741 138 170 383 161 8 505 762 536 613 283 766 792 365 522 262 142 562 665 542 386 174 217 460 381 526 387 306 5 747 226 99 182 112 399 190 607 118 541 800 724 539 9 514 392 436 653 273 509 79 688 310 254 59 790 426 116 570 159 557 778 423 504 650 726 680 194 759 362 456 66 23 707 644 617 125 798 37 603 4 129 709 479 589 656 231 732 312 55 292 597 755 681 359 424 350 777 698 347 753 358 119 525 490 637 12 750 458 173 209 360 464 560 124 488 133 425 430 745 671 413 664 272 622 624 94 407 323 679 96 431 527 410 357 172 33 76 141 148 355 725 191 470 218 782 716 126 140 106 480 652 92 109 376 353 77 107 574 403 623 335 702 411 649 492 465 793 181 91 163 93 756 24 340 400 278 131 429 619 277 122 531 569 616 35 625 50 682 219 338 501 293 520 615 389 162 404 418 308 634 550 396 332 187 784 654 621 628 279 48 130 627 180 281 285 696 785 334 220 267 373 439 739 41 757 546 326 371 21 57 535 274 678 596 128 453 204 446 468 477 662 228 143 330 88 712 49 339 276 768 321 189 731 27 369 540 336 291 554 110 244 268 135 315 457 257 367 730 471 237 108 117
901
732 232 737 205 358 292 743 665 691 112 795 366 180 340 248 160 42 872 96 241 871 560 686 429 6 167 525 162 416 645 784 863 98 16 483 73 320 511 52 246 31 171 460 33 509 71 506 885 201 367 633 138 657 303 776 264 803 260 431 369 428 245 342 132 313 879 889 574 208 725 40 662 716 471 757 119 587 703 514 710 642 305 14 534 524 339 217 682 212 693 411 624 894 198 714 707 26 213 595 373 836 277 728 20 57 675 273 192 347 10 354 583 346 745 598 337 95 285 788 701 368 90 222 194 314 618 840 329 490 546 324 44 353 364 116 265 434 250 252 731 271 882 844 649 736 56 688 136 203 684 580 304 379 815 43 604 268 612 613 641 523 154 692 103 93 315 643 219 636 123 34 679 318 464 306 334 226 663 749 436 78 870 210 51 94 175 430 466 449 655 237 68 664 805 550 272 500 130 148 565 75 660 115 463 625 383 406 455 609 223 845 576 435 508 708 897 782 134 19 590 687 197 332 610 472 309 832 239 110 169 735 1 202 706 82 144 283 767 172 174 638 387 146 386 384 670 783 251 837 839 898 474 157 184 361 139 350 424 36 443 330 338 326 467 785 856 676 644 4 874 558 399 835 47 719 401 375 333 403 182 589 487 668 141 462 860 127 793 702 512 321 81 163 228 211 415 151 456 557 461 295 317 623 468 724 89 611 156 243 229 699 129 622 298 149 813 522 802 637 485 886 586 188 503 603 427 111 817 529 705 164 143 854 409 189 673 165 275 377 459 390 549 224 452 322 388 868 69 276 847 288 727 635 391 84 178 135 30 100 599 32 247 821 667 631 158 204 738 778 166 267 104 420 170 21 328 592 259 88 507 441 650 105 896 108 499 672 291 79 744 781 851 125 869 654 360 559 186 754 63 155 421 755 825 419 29 865 855 53 190 61 193 128 150 748 200 571 59 91 615 5 476 758 739 810 892 118 696 569 857 351 627 80 465 516 37 824 698 700 290 697 756 723 895 721 299 794 376 630 492 444 816 741 432 256 504 8 900 400 818 771 659 763 887 859 853 137 397 762 341 648 761 899 806 791 605 740 41 142 183 866 498 50 437 775 24 666 106 747 577 214 470 621 850 608 478 18 191 520 849 862 22 238 572 646 281 457 17 39 535 528 412 746 531 530 893 216 296 124 308 286 884 187 258 497 440 779 568 152 553 843 759 221 548 597 297 486 28 13 349 555 83 278 185 838 796 764 25 446 653 362 510 270 176 606 570 380 770 517 834 242 126 888 881 656 690 563 240 540 469 345 722 864 405 356 54 76 780 311 225 819 49 302 274 74 365 877 566 554 594 787 392 734 450 293 846 712 9 153 505 683 584 393 12 389 439 312 562 567 168 355 823 750 848 87 573 7 394 515 790 491 792 319 773 828 556 495 426 883 808 209 294 772 395 206 325 27 811 85 316 65 331 765 875 282 45 55 357 880 255 620 709 521 669 533 284 647 423 177 445 797 814 448 600 842 107 809 86 488 482 101 114 543 766 181 760 588 484 502 344 438 582 451 494 72 752 544 680 652 681 526 878 489 122 830 359 876 3 121 812 678 396 619 235 547 626 536 651 804 541 501 786 287 102 173 552 479 413 798 480 711 634 537 352 602 890 481 234 418 254 253 227 833 215 789 117 777 581 493 527 371 280 891 120 323 133 729 593 327 422 67 425 62 730 48 99 800 2 159 261 519 289 453 695 402 97 607 768 410 374 300 827 266 407 578 336 23 564 244 829 539 11 196 561 207 92 262 473 307 279 579 689 831 822 236 596 542 532 140 199 417 717 658 385 801 442 46 70 616 0 718 131 614 867 233 632 726 66 218 575 257 58 263 640 454 538 195 77 601 230 820 769 774 873 591 852 674 704 639 733 841 685 231 720 372 404 742 496 513 629 109 628 414 15 363 381 269 545 408 147 382 301 179 370 715 35 64 751 694 753 220 617 249 60 585 335 348 433 858 807 447 113 343 475 145 671 161 826 458 518 713 378 677 398 661 310 799 861 551 477 38
1001
817 954 56 361 494 763 720 557 69 888 165 893 716 751 365 775 110 27 283 689 717 568 188 336 726 981 51 329 53 988 774 538 520 30 217 819 363 895 898 488 109 16 957 203 603 114 414 846 462 221 252 975 198 282 594 447 227 448 322 904 220 126 509 487 455 857 330 760 926 103 765 548 851 504 392 828 410 894 213 546 570 730 61 611 710 558 476 324 57 823 226 790 610 870 267 695 158 433 810 34 315 377 54 923 421 484 531 973 762 485 523 680 404 400 125 578 743 791 528 575 910 589 944 232 615 15 879 332 833 3 768 533 917 288 408 830 166 789 609 887 451 990 608 723 86 770 341 90 622 93 814 137 457 463 20 339 490 92 327 350 930 886 67 108 445 815 862 669 553 428 860 805 273 303 453 946 132 358 379 466 519 260 101 209 12 607 152 10 28 708 505 847 376 549 685 863 617 401 479 779 529 507 919 371 483 884 14 399 993 839 251 877 646 551 119 955 889 140 983 43 68 741 816 659 662 373 383 122 587 534 197 761 599 385 89 746 829 806 289 41 264 842 928 766 144 725 880 567 711 586 572 42 349 398 976 688 403 836 352 397 190 163 527 850 738 554 989 354 402 298 33 742 777 148 393 592 271 274 333 76 951 275 638 506 48 585 224 657 731 65 2 438 960 38 406 254 821 750 369 699 1 62 947 866 64 674 672 702 733 96 72 502 824 673 0 788 693 653 511 569 338 590 464 799 157 561 473 706 758 872 253 461 999 100 956 258 265 635 59 326 747 272 320 234 556 286 959 107 796 230 704 934 542 112 683 900 243 647 314 513 982 656 909 176 966 216 238 287 242 259 755 346 88 600 625 707 811 867 643 891 992 474 368 281 151 187 582 142 616 161 99 200 353 299 248 58 785 1000 173 266 969 604 179 651 482 690 776 619 87 732 495 679 145 800 596 714 620 852 979 497 279 280 684 899 192 964 580 574 980 359 370 214 703 885 115 415 334 468 285 965 745 634 467 229 782 933 381 318 675 911 169 388 269 949 345 77 245 631 649 291 854 471 304 257 987 950 972 348 691 106 588 7 331 133 71 222 70 581 228 636 936 390 802 718 458 876 803 460 420 446 321 892 409 233 395 804 367 135 360 79 413 430 35 387 712 478 612 431 883 13 276 480 292 510 328 146 648 929 940 164 111 722 255 422 671 618 544 539 840 903 295 337 658 375 104 154 215 536 469 700 591 832 294 120 991 131 235 432 156 756 759 692 290 486 244 210 394 205 206 117 801 219 246 739 193 78 626 754 66 396 978 31 740 613 427 459 46 50 514 757 317 865 454 736 162 382 249 167 236 997 670 565 942 231 178 121 629 995 654 650 896 305 764 794 932 516 837 310 319 623 953 407 138 364 456 908 493 378 127 186 835 437 518 418 241 405 701 563 301 472 335 52 864 773 123 834 94 962 8 134 709 380 91 827 475 583 6 713 297 667 95 687 389 882 128 174 719 29 781 181 240 681 63 924 822 37 74 918 323 576 624 160 223 270 843 744 963 32 147 844 682 555 372 945 130 787 429 424 129 639 771 826 344 204 19 194 931 641 284 914 325 417 366 696 660 890 98 175 984 614 311 967 838 308 268 113 584 316 425 184 783 300 705 452 812 968 306 640 637 994 986 45 416 938 628 159 664 952 715 60 419 920 916 11 571 922 912 547 356 737 436 778 189 958 180 26 515 250 182 566 116 601 858 734 655 207 22 644 729 748 423 642 262 532 105 621 201 881 970 171 302 767 435 185 450 915 439 202 977 921 859 807 342 855 18 75 139 309 686 503 784 632 36 939 597 355 937 901 177 724 141 441 676 971 849 55 239 391 825 537 168 845 491 735 793 261 357 442 906 80 449 500 678 277 384 501 593 935 645 974 573 84 39 941 347 630 17 808 927 40 668 443 697 541 440 727 124 225 155 564 218 606 652 878 524 721 278 47 698 150 170 545 820 208 183 411 562 153 44 498 752 199 9 665 23 595 522 517 21 948 663 256 530 97 211 905 694 312 749 374 82 602 841 985 508 786 792 875 853 772 633 961 4 191 307 172 293 477 998 149 943 753 666 874 340 543 237 470 550 598 579 247 780 351 996 831 797 848 559 386 902 481 81 102 521 24 861 526 913 868 661 535 897 496 263 73 434 873 296 577 426 343 627 143 809 907 136 465 49 5 769 118 412 871 869 540 525 499 677 25 813 212 552 605 856 362 195 85 818 444 512 560 798 728 492 489 313 925 83 795 196 